0 1-wait 35000 0;
0 1-wait 37000 1;
0 1-wait 43000 2;
0 1-wait 45000 3;
0 1-wait 35000 4;
0 1-wait 31000 5;
0 1-wait 33000 6;
0 1-wait 26000 7;
0 1-wait 35000 8;
0 1-wait 26000 9;
0 1-wait 18000 10;
0 1-wait 21000 11;
0 1-wait 24000 12;
0 1-wait 26000 13;
0 1-wait 21000 14;
0 1-wait 24000 15;
0 1-wait 11000 16;
0 1-wait 15000 17;
0 1-wait 16000 18;
0 1-wait 22000 19;
0 1-wait 14000 20;
0 1-wait 11000 21;
0 1-wait 21000 22;
0 1-wait 18000 23;
0 1-wait 18000 24;
0 1-wait 14000 25;
0 1-wait 18000 26;
0 1-wait 13000 27;
0 1-wait 11000 28;
0 1-wait 9000 29;
0 1-wait 9000 30;
0 1-wait 8000 31;
0 1-wait 12000 32;
0 1-wait 9000 33;
0 1-wait 10000 34;
0 1-wait 12000 35;
0 1-wait 18000 36;
0 1-wait 8000 37;
0 1-wait 15000 38;
0 1-wait 8000 39;
0 1-wait 26000 40;
0 1-wait 12000 41;
0 1-wait 15000 42;
0 1-wait 13000 43;
0 1-wait 20000 44;
0 1-wait 23000 45;
0 1-wait 15000 46;
0 1-wait 26000 47;
0 1-wait 10000 48;
0 1-wait 29000 49;
0 1-wait 35000 50;
0 1-wait 22000 51;
0 1-wait 30000 52;
0 1-wait 24000 53;
0 1-wait 20000 54;
0 1-wait 45000 55;
0 1-wait 43000 56;
0 1-wait 37000 57;
0 1-wait 35000 58;