0 2-wait 37000 0;
0 2-wait 43000 1;
0 2-wait 45000 2;
0 2-wait 35000 3;
0 2-wait 31000 4;
0 2-wait 33000 5;
0 2-wait 26000 6;
0 2-wait 35000 7;
0 2-wait 35000 8;
0 2-wait 18000 9;
0 2-wait 21000 10;
0 2-wait 24000 11;
0 2-wait 26000 12;
0 2-wait 21000 13;
0 2-wait 24000 14;
0 2-wait 26000 15;
0 2-wait 15000 16;
0 2-wait 16000 17;
0 2-wait 22000 18;
0 2-wait 14000 19;
0 2-wait 11000 20;
0 2-wait 21000 21;
0 2-wait 18000 22;
0 2-wait 18000 23;
0 2-wait 14000 24;
0 2-wait 11000 25;
0 2-wait 13000 26;
0 2-wait 11000 27;
0 2-wait 9000 28;
0 2-wait 9000 29;
0 2-wait 8000 30;
0 2-wait 12000 31;
0 2-wait 9000 32;
0 2-wait 10000 33;
0 2-wait 12000 34;
0 2-wait 18000 35;
0 2-wait 8000 36;
0 2-wait 15000 37;
0 2-wait 8000 38;
0 2-wait 18000 39;
0 2-wait 12000 40;
0 2-wait 15000 41;
0 2-wait 13000 42;
0 2-wait 20000 43;
0 2-wait 23000 44;
0 2-wait 15000 45;
0 2-wait 26000 46;
0 2-wait 10000 47;
0 2-wait 26000 48;
0 2-wait 35000 49;
0 2-wait 22000 50;
0 2-wait 30000 51;
0 2-wait 24000 52;
0 2-wait 20000 53;
0 2-wait 29000 54;
0 2-wait 43000 55;
0 2-wait 37000 56;
0 2-wait 35000 57;
0 2-wait 45000 58;