0 4-wait 45000 0;
0 4-wait 35000 1;
0 4-wait 37000 2;
0 4-wait 43000 3;
0 4-wait 26000 4;
0 4-wait 35000 5;
0 4-wait 35000 6;
0 4-wait 31000 7;
0 4-wait 33000 8;
0 4-wait 24000 9;
0 4-wait 26000 10;
0 4-wait 21000 11;
0 4-wait 24000 12;
0 4-wait 26000 13;
0 4-wait 18000 14;
0 4-wait 21000 15;
0 4-wait 22000 16;
0 4-wait 14000 17;
0 4-wait 11000 18;
0 4-wait 21000 19;
0 4-wait 18000 20;
0 4-wait 18000 21;
0 4-wait 14000 22;
0 4-wait 11000 23;
0 4-wait 15000 24;
0 4-wait 16000 25;
0 4-wait 9000 26;
0 4-wait 9000 27;
0 4-wait 8000 28;
0 4-wait 12000 29;
0 4-wait 9000 30;
0 4-wait 10000 31;
0 4-wait 12000 32;
0 4-wait 18000 33;
0 4-wait 8000 34;
0 4-wait 15000 35;
0 4-wait 8000 36;
0 4-wait 18000 37;
0 4-wait 13000 38;
0 4-wait 11000 39;
0 4-wait 13000 40;
0 4-wait 20000 41;
0 4-wait 23000 42;
0 4-wait 15000 43;
0 4-wait 26000 44;
0 4-wait 10000 45;
0 4-wait 26000 46;
0 4-wait 12000 47;
0 4-wait 15000 48;
0 4-wait 30000 49;
0 4-wait 24000 50;
0 4-wait 20000 51;
0 4-wait 29000 52;
0 4-wait 35000 53;
0 4-wait 22000 54;
0 4-wait 35000 55;
0 4-wait 45000 56;
0 4-wait 43000 57;
0 4-wait 37000 58;