0 3-wait 43000 0;
0 3-wait 45000 1;
0 3-wait 35000 2;
0 3-wait 37000 3;
0 3-wait 33000 4;
0 3-wait 26000 5;
0 3-wait 35000 6;
0 3-wait 35000 7;
0 3-wait 31000 8;
0 3-wait 21000 9;
0 3-wait 24000 10;
0 3-wait 26000 11;
0 3-wait 21000 12;
0 3-wait 24000 13;
0 3-wait 26000 14;
0 3-wait 18000 15;
0 3-wait 16000 16;
0 3-wait 22000 17;
0 3-wait 14000 18;
0 3-wait 11000 19;
0 3-wait 21000 20;
0 3-wait 18000 21;
0 3-wait 18000 22;
0 3-wait 14000 23;
0 3-wait 11000 24;
0 3-wait 15000 25;
0 3-wait 11000 26;
0 3-wait 9000 27;
0 3-wait 9000 28;
0 3-wait 8000 29;
0 3-wait 12000 30;
0 3-wait 9000 31;
0 3-wait 10000 32;
0 3-wait 12000 33;
0 3-wait 18000 34;
0 3-wait 8000 35;
0 3-wait 15000 36;
0 3-wait 8000 37;
0 3-wait 18000 38;
0 3-wait 13000 39;
0 3-wait 15000 40;
0 3-wait 13000 41;
0 3-wait 20000 42;
0 3-wait 23000 43;
0 3-wait 15000 44;
0 3-wait 26000 45;
0 3-wait 10000 46;
0 3-wait 26000 47;
0 3-wait 12000 48;
0 3-wait 22000 49;
0 3-wait 30000 50;
0 3-wait 24000 51;
0 3-wait 20000 52;
0 3-wait 29000 53;
0 3-wait 35000 54;
0 3-wait 37000 55;
0 3-wait 35000 56;
0 3-wait 45000 57;
0 3-wait 43000 58;