1 99 100;
1 98 100;
1 97 100;
1 95 100;
1 94 100;
1 93 101;
1 91 101;
1 89 102;
1 87 102;
1 85 103;
1 84 104;
1 81 104;
1 79 105;
1 77 105;
1 76 105;
1 74 106;
1 72 107;
1 71 108;
1 70 108;
1 69 108;
1 69 109;
1 68 109;
1 68 110;
1 67 110;
1 67 112;
1 66 113;
1 66 114;
1 66 115;
1 66 118;
1 66 119;
1 66 120;
1 66 121;
1 66 122;
1 67 125;
1 68 127;
1 69 128;
1 70 129;
1 71 131;
1 72 132;
1 73 133;
1 75 134;
1 76 135;
1 77 136;
1 78 136;
1 80 138;
1 82 139;
1 85 140;
1 88 141;
1 90 142;
1 95 144;
1 98 145;
1 101 145;
1 104 145;
1 109 146;
1 113 147;
1 117 147;
1 121 148;
1 124 148;
1 126 148;
1 130 148;
1 133 148;
1 136 148;
1 139 148;
1 141 148;
1 144 148;
1 147 148;
1 151 148;
1 154 148;
1 158 148;
1 160 148;
1 164 148;
1 168 148;
1 170 148;
1 173 148;
1 176 147;
1 178 147;
1 179 146;
1 180 146;
1 181 145;
1 182 145;
1 183 144;
1 184 143;
1 185 142;
1 186 141;
1 186 140;
1 187 139;
1 187 138;
1 188 137;
1 188 136;
1 188 135;
1 188 134;
1 189 132;
1 189 130;
1 189 129;
1 189 128;
1 189 126;
1 189 124;
1 189 121;
1 189 119;
1 189 117;
1 189 116;
1 189 115;
1 189 114;
1 189 113;
1 189 112;
1 189 111;
1 189 110;
1 189 109;
1 189 108;
1 189 106;
1 189 104;
1 189 102;
1 188 100;
1 188 99;
1 188 97;
1 187 96;
1 187 95;
1 187 94;
1 187 93;
1 186 92;
1 185 90;
1 185 88;
1 184 87;
1 183 85;
1 183 84;
1 182 83;
1 182 82;
1 181 81;
1 178 79;
1 177 78;
1 176 77;
1 174 77;
1 172 75;
1 170 75;
1 167 74;
1 166 73;
1 164 72;
1 162 71;
1 160 70;
1 158 69;
1 156 68;
1 154 68;
1 152 67;
1 151 66;
1 150 66;
1 149 66;
1 149 65;
1 148 65;
1 147 65;
1 146 65;
1 145 65;
1 144 67;
1 142 69;
1 141 70;
1 140 72;
1 139 74;
1 138 76;
1 137 78;
1 136 79;
1 136 81;
1 136 82;
1 136 83;
1 136 85;
1 136 87;
1 136 89;
1 136 91;
1 136 92;
1 136 93;
1 136 95;
1 136 97;
1 136 100;
1 136 101;
1 136 102;
1 136 105;
1 136 107;
1 136 109;
1 136 110;
1 136 112;
1 136 113;
1 136 114;
1 136 115;
1 136 117;
1 136 119;
1 136 120;
1 136 122;
1 136 123;
1 136 124;
1 136 125;
1 136 126;
1 136 127;
1 135 129;
1 135 130;
1 135 131;
1 134 132;
1 133 134;
1 132 136;
1 132 138;
1 131 139;
1 130 140;
1 129 142;
1 128 143;
1 127 144;
1 126 145;
1 125 147;
1 124 148;
1 123 149;
1 122 150;
1 120 152;
1 117 152;
1 115 153;
1 112 154;
1 110 155;
1 107 156;
1 104 157;
1 101 158;
1 98 158;
1 95 159;
1 91 159;
1 87 160;
1 86 160;
1 82 161;
1 79 161;
1 75 162;
1 72 162;
1 69 162;
1 67 163;
1 64 163;
1 62 164;
1 60 164;
1 57 164;
1 54 164;
1 52 164;
1 49 164;
1 46 164;
1 44 163;
1 42 163;
1 41 163;
1 38 162;
1 36 161;
1 35 161;
1 33 160;
1 30 158;
1 28 156;
1 26 155;
1 24 154;
1 23 153;
1 21 151;
1 19 149;
1 17 147;
1 15 144;
1 14 142;
1 13 140;
1 12 138;
1 12 137;
1 11 134;
1 10 133;
1 10 130;
1 9 128;
1 8 126;
1 8 123;
1 8 120;
1 8 116;
1 7 113;
1 7 109;
1 6 106;
1 6 102;
1 6 99;
1 6 96;
1 6 93;
1 6 90;
1 6 86;
1 6 84;
1 6 81;
1 6 78;
1 6 76;
1 6 74;
1 6 72;
1 6 71;
1 6 70;
1 6 69;
1 6 68;
1 6 66;
1 7 65;
1 7 64;
1 7 63;
1 8 62;
1 8 61;
1 8 60;
1 9 59;
1 9 58;
1 9 57;
1 10 56;
1 11 55;
1 11 54;
1 12 54;
1 14 54;
1 15 54;
1 18 54;
1 20 54;
1 23 54;
1 27 55;
1 31 56;
1 35 58;
1 39 59;
1 42 59;
1 45 61;
1 48 61;
1 51 62;
1 52 63;
1 55 64;
1 55 65;
1 57 66;
1 58 67;
1 59 68;
1 60 69;
1 61 71;
1 62 71;
1 63 72;
1 64 74;
1 65 75;
1 66 77;
1 67 78;
1 68 80;
1 68 81;
1 70 83;
1 70 85;
1 72 88;
1 73 89;
1 73 90;
1 74 92;
1 74 93;
1 75 95;
1 76 96;
1 76 97;
1 77 99;
1 78 101;
1 78 102;
1 79 103;
1 80 106;
1 81 108;
1 82 110;
1 83 112;
1 84 113;
1 84 114;
1 86 116;
1 87 118;
1 89 120;
1 89 121;
1 90 122;
1 91 123;
1 94 124;
1 95 125;
1 96 126;
1 98 127;
1 100 129;
1 101 130;
1 104 131;
1 105 131;
1 107 132;
1 107 133;
1 109 133;
1 111 133;
1 113 135;
1 116 135;
1 118 137;
1 120 137;
1 123 139;
1 124 139;
1 127 140;
1 129 140;
1 131 140;
1 134 140;
1 137 141;
1 139 141;
1 142 142;
1 144 142;
1 146 142;
1 149 142;
1 151 142;
1 153 142;
1 154 142;
1 155 142;
1 157 141;
1 158 141;
1 160 141;
1 163 140;
1 164 139;
1 167 138;
1 169 136;
1 172 134;
1 173 134;
1 175 132;
1 177 130;
1 178 127;
1 179 126;
1 181 124;
1 182 122;
1 183 119;
1 183 118;
1 183 117;
1 184 115 ;
1 184 113;
1 184 111;
1 184 109;
1 184 107;
1 184 105;
1 184 103;
1 184 100;
1 184 97;
1 184 93;
1 184 91;
1 184 88;
1 184 86;
1 184 84;
1 184 83;
1 184 82;
1 184 81;
1 183 81;
1 183 79;
1 183 78;
1 183 77;
1 182 77;
1 182 76;
1 180 74;
1 179 73;
1 178 72;
1 177 71;
1 176 71;
1 175 71;
1 174 71;
1 173 71;
1 172 71;
1 170 71;
1 168 71;
1 166 71;
1 164 71;
1 161 72;
1 160 72;
1 159 72;
1 158 72;
1 157 72;
1 155 72;
1 155 73;
1 154 73;
1 153 73;
1 152 74;
1 151 75;
1 150 76;
1 149 77;
1 148 78;
1 147 79;
1 146 80;
1 145 82;
1 144 82;
1 142 85;
1 141 87;
1 140 88;
1 140 91;
1 138 92;
1 137 94;
1 136 96;
1 135 98;
1 134 99;
1 134 100;
1 133 101;
1 133 102;
1 133 103;
1 133 104;
1 132 106;
1 132 108;
1 132 109;
1 131 109;
1 131 111;
1 131 112;
1 131 113;
1 131 114;
1 131 115;
1 131 116;
1 130 117;
1 130 118;
1 130 119;
1 130 120;
1 130 122;
1 129 123;
1 129 124;
1 129 125;
1 129 126;
1 129 127;
1 129 129;
1 128 130;
1 128 132;
1 128 133;
1 128 135;
1 128 136;
1 127 139;
1 127 140;
1 126 141;
1 126 142;
1 126 143;
1 126 144;
1 125 145;
1 125 146;
1 124 147;
1 124 148;
1 123 149;
1 123 150;
1 122 152;
1 121 153;
1 120 155;
1 118 156;
1 117 158;
1 116 158;
1 115 159;
1 115 160;
1 113 161;
1 111 162;
1 110 163;
1 109 164;
1 107 164;
1 106 165;
1 104 166;
1 103 166;
1 101 167;
1 98 169;
1 96 170;
1 94 170;
1 91 171;
1 89 172;
1 85 174;
1 82 174;
1 79 175;
1 77 175;
1 75 175;
1 73 176;
1 70 176;
1 68 176;
1 66 176;
1 64 176;
1 62 176;
1 60 176;
1 59 176;
1 57 176;
1 54 176;
1 50 176;
1 49 176;
1 47 176;
1 46 176;
1 44 176;
1 43 176;
1 41 175;
1 40 175;
1 37 173;
1 36 173;
1 34 172;
1 32 171;
1 31 170;
1 29 169;
1 28 169;
1 27 168;
1 26 167;
1 25 167;
1 24 166;
1 23 165;
1 22 164;
1 21 163;
1 20 161;
1 19 161;
1 19 160;
1 19 159;
1 18 159;
1 18 157;
1 18 156;
1 16 154;
1 15 151;
1 14 150;
1 14 147;
1 14 146;
1 13 143;
1 13 142;
1 13 140;
1 12 137;
1 12 134;
1 12 132;
1 12 129;
1 12 126;
1 12 125;
1 12 123;
1 12 121;
1 12 119;
1 12 117;
1 12 115;
1 13 113;
1 13 110;
1 14 110;
1 15 107;
1 16 106;
1 17 104;
1 18 102;
1 19 100;
1 20 99;
1 20 98;
1 22 96;
1 23 95;
1 23 94;
1 24 92;
1 25 91;
1 26 90;
1 27 89;
1 29 88;
1 31 86;
1 33 84;
1 36 82;
1 37 82;
1 40 81;
1 41 79;
1 43 78;
1 45 77;
1 47 76;
1 49 75;
1 50 75;
1 51 74;
1 52 73;
1 53 73;
1 54 72;
1 55 72;
1 55 71;
1 57 70;
1 59 69;
1 61 68;
1 62 68;
1 64 67;
1 65 67;
1 66 66;
1 67 66;
1 69 66;
1 71 66;
1 73 66;
1 75 66;
1 77 66;
1 80 66;
1 82 66;
1 85 66;
1 86 66;
1 89 66;
1 90 66;
1 93 66;
1 94 66;
1 95 67;
1 97 67;
1 98 68;
1 99 68;
1 100 68;
1 101 69;
1 102 69;
1 104 70;
1 105 71;
1 107 71;
1 108 71;
1 109 72;
1 111 72;
1 112 73;
1 114 73;
1 116 73;
1 118 73;
1 119 73;
1 120 74;
1 122 74;
1 123 74;
1 124 74;
1 125 74;
1 125 75;
1 126 75;
1 127 75;
1 127 76;
1 128 76;
